  3.1070000e-008  8.4000000e-001  5.0500000e-002
  3.1790000e-008  8.3100000e-001  6.4900000e-002
  3.2630000e-008  8.3400000e-001  7.3100000e-002
  3.3510000e-008  8.3100000e-001  7.0300000e-002
  3.4440000e-008  8.1500000e-001  7.0700000e-002
  3.5420000e-008  8.0100000e-001  7.3900000e-002
  3.6460000e-008  7.8100000e-001  7.6700000e-002
  3.7570000e-008  7.6000000e-001  8.6300000e-002
  3.8740000e-008  7.3700000e-001  1.0200000e-001
  3.9990000e-008  7.1500000e-001  1.2400000e-001
  4.1330000e-008  6.9800000e-001  1.4800000e-001
  4.2750000e-008  6.8100000e-001  1.7200000e-001
  4.4280000e-008  6.5800000e-001  2.0000000e-001
  4.5920000e-008  6.3300000e-001  2.3100000e-001
  4.7680000e-008  6.0200000e-001  2.7800000e-001
  4.9590000e-008  5.8300000e-001  3.4800000e-001
  5.1660000e-008  5.8900000e-001  4.3100000e-001
  5.3900000e-008  6.2800000e-001  4.9700000e-001
  5.6350000e-008  6.6700000e-001  5.4500000e-001
  5.9040000e-008  7.0200000e-001  5.8700000e-001
  6.1990000e-008  7.4900000e-001  6.2200000e-001
  6.5250000e-008  7.9300000e-001  6.2700000e-001
  6.8880000e-008  8.1100000e-001  6.2800000e-001
  7.2930000e-008  7.9100000e-001  6.3400000e-001
  7.7490000e-008  7.4700000e-001  6.8900000e-001
  8.2650000e-008  7.5900000e-001  7.9500000e-001
  8.8560000e-008  7.9300000e-001  8.7400000e-001
  9.5370000e-008  8.6000000e-001  9.4800000e-001
  1.0330000e-007  8.5500000e-001  9.7600000e-001
  1.1270000e-007  8.2300000e-001  1.1700000e+000
  1.2400000e-007  1.0000000e+000  1.3800000e+000
  1.3050000e-007  1.0900000e+000  1.4300000e+000
  1.3780000e-007  1.1900000e+000  1.4900000e+000
  1.4590000e-007  1.2800000e+000  1.4900000e+000
  1.5500000e-007  1.3800000e+000  1.5300000e+000
  1.6530000e-007  1.4600000e+000  1.5800000e+000
  1.7710000e-007  1.5500000e+000  1.6400000e+000
  1.9070000e-007  1.6900000e+000  1.6600000e+000
  2.0660000e-007  1.8500000e+000  1.7100000e+000
  2.2540000e-007  2.0600000e+000  1.6400000e+000
  2.4800000e-007  2.2500000e+000  1.5400000e+000
  2.7550000e-007  2.3100000e+000  1.3800000e+000
  3.1000000e-007  2.2700000e+000  1.2300000e+000
  3.5420000e-007  2.1400000e+000  1.0600000e+000
  4.1330000e-007  1.7400000e+000  1.0400000e+000
  4.9590000e-007  1.2000000e+000  1.6500000e+000
  6.1990000e-007  1.3200000e+000  2.6900000e+000
  8.2660000e-007  1.8200000e+000  3.8100000e+000
  1.2399000e-006  2.6900000e+000  5.0400000e+000
  2.4797000e-006  4.5200000e+000  8.2500000e+000
