   4.0000000e-07   2.5702323e+00   1.9153111e-03
   4.1000000e-07   2.5477108e+00   1.7933038e-03
   4.2000000e-07   2.5281587e+00   1.6786751e-03
   4.3000000e-07   2.5109899e+00   1.5710309e-03
   4.4000000e-07   2.4957717e+00   1.4699907e-03
   4.5000000e-07   2.4821759e+00   1.3751880e-03
   4.6000000e-07   2.4699478e+00   1.2862714e-03
   4.7000000e-07   2.4588860e+00   1.2029043e-03
   4.8000000e-07   2.4488286e+00   1.1247656e-03
   4.9000000e-07   2.4396437e+00   1.0515490e-03
   5.0000000e-07   2.4312223e+00   9.8296348e-04
   5.1000000e-07   2.4234735e+00   9.1873265e-04
   5.2000000e-07   2.4163207e+00   8.5859440e-04
   5.3000000e-07   2.4096989e+00   8.0230051e-04
   5.4000000e-07   2.4035522e+00   7.4961623e-04
   5.5000000e-07   2.3978328e+00   7.0031972e-04
   5.6000000e-07   2.3924988e+00   6.5420156e-04
   5.7000000e-07   2.3875140e+00   6.1106423e-04
   5.8000000e-07   2.3828464e+00   5.7072156e-04
   5.9000000e-07   2.3784679e+00   5.3299821e-04
   6.0000000e-07   2.3743536e+00   4.9772916e-04
   6.1000000e-07   2.3704814e+00   4.6475915e-04
   6.2000000e-07   2.3668317e+00   4.3394222e-04
   6.3000000e-07   2.3633867e+00   4.0514124e-04
   6.4000000e-07   2.3601307e+00   3.7822737e-04
   6.5000000e-07   2.3570494e+00   3.5307966e-04
   6.6000000e-07   2.3541298e+00   3.2958460e-04
   6.7000000e-07   2.3513604e+00   3.0763570e-04
   6.8000000e-07   2.3487305e+00   2.8713308e-04
   6.9000000e-07   2.3462305e+00   2.6798312e-04
   7.0000000e-07   2.3438516e+00   2.5009805e-04
   7.1000000e-07   2.3415859e+00   2.3339563e-04
   7.2000000e-07   2.3394259e+00   2.1779883e-04
   7.3000000e-07   2.3373649e+00   2.0323550e-04
   7.4000000e-07   2.3353967e+00   1.8963809e-04
   7.5000000e-07   2.3335157e+00   1.7694337e-04
   7.6000000e-07   2.3317165e+00   1.6509213e-04
   7.7000000e-07   2.3299943e+00   1.5402899e-04
   7.8000000e-07   2.3283446e+00   1.4370214e-04
   7.9000000e-07   2.3267633e+00   1.3406308e-04
   8.0000000e-07   2.3252464e+00   1.2506649e-04
   8.1000000e-07   2.3237905e+00   1.1666995e-04
   8.2000000e-07   2.3223922e+00   1.0883382e-04
   8.3000000e-07   2.3210484e+00   1.0152103e-04
   8.4000000e-07   2.3197561e+00   9.4696934e-05
   8.5000000e-07   2.3185128e+00   8.8329134e-05
   8.6000000e-07   2.3173158e+00   8.2387364e-05
   8.7000000e-07   2.3161628e+00   7.6843338e-05
   8.8000000e-07   2.3150517e+00   7.1670624e-05
   8.9000000e-07   2.3139803e+00   6.6844528e-05
   9.0000000e-07   2.3129467e+00   6.2341980e-05
   9.1000000e-07   2.3119492e+00   5.8141429e-05
   9.2000000e-07   2.3109859e+00   5.4222746e-05
   9.3000000e-07   2.3100553e+00   5.0567131e-05
   9.4000000e-07   2.3091558e+00   4.7157025e-05
   9.5000000e-07   2.3082861e+00   4.3976032e-05
   9.6000000e-07   2.3074448e+00   4.1008842e-05
   9.7000000e-07   2.3066306e+00   3.8241159e-05
   9.8000000e-07   2.3058424e+00   3.5659636e-05
   9.9000000e-07   2.3050790e+00   3.3251812e-05
   1.0000000e-06   2.3043392e+00   3.1006054e-05
